――――――――――――――――――――――――――――――――――――――
待排序序列（n=10个元素）：
592	401	874	141	348	72	911	887	820	283
――――――――――――――――――――――――――――――――――――――
第一次分组：增量选择为n=n//2=5
592					72
	401					911
		874					887
			141					820
				348					288
对每一组进行插入排序：
72					592
	401					911
		874					887
			141					820
				283					348
第一次分组排序结果：
72	401	874	141	283	592	911	887	820	348
――――――――――――――――――――――――――――――――――――――
第二次分组：增量为n=n//2=2
72		874		283		911		820
	401		141		592		887		348
对每一组进行插入排序：
72		283		820		874		911
	141		348		401		592		887
第二次分组排序结果：
72	141	283	348	820	401	874	592	911	887
――――――――――――――――――――――――――――――――――――――
第三次分组：增量为n=n//2=1
72	141	283	348	820	401	874	592	911	887
增量到达1，为最后一次排序，使用直接插入排序：
72	141	283	348	401	592	820	874	887	991
――――――――――――――――――――――――――――――――――――――
排序结果：
72	141	283	348	401	592	820	874	887	991
――――――――――――――――――――――――――――――――――――――


奇数5
5	4	3	2	1
2：
5		3		1
	4		2
1		3		5
	2		4
1	2	3	4	5